#structure	resolution	length	missing_bps	unpaired_fraction	molprobity_score
8h1c	4.5	142	16	0.1127	2.39
5uyl	3.6	4810	760	0.158	2.3
6ztl	3.5	4789	293	0.0612	2.86
7s1h	2.35	4552	775	0.1703	1.26
7pwg	2.75	2718	649	0.2388	2.07
5mdv	2.97	4629	277	0.0598	2.15
7b5k	2.9	4782	264	0.0552	1.84
6ywy	3.05	4362	922	0.2114	0.92
8jdl	2.42	5466	382	0.0699	1.89
8e43	2.09	3012	261	0.0867	1.35
8bn3	2.4	5159	514	0.0996	1.54
7ryg	2.38	4404	334	0.0758	1.59
8pv7	2.12	3427	191	0.0557	1.04
5kcs	3.9	4634	1008	0.2175	2.09
6wde	3.0	4810	706	0.1468	2.14
8qfd	2.2	3393	212	0.0625	0.97
8ova	2.47	5470	597	0.1091	1.92
7oyd	2.3	5261	935	0.1777	1.68
7cpv	3.03	5529	632	0.1143	2.61
6m62	3.2	3316	382	0.1152	3.13
8fla	2.63	3747	253	0.0675	0.99
7uvw	2.37	4438	252	0.0568	1.66
6o9k	4.0	4594	1120	0.2438	1.69
6qtz	3.5	3423	366	0.1069	1.68
7wtm	3.5	1106	54	0.0488	1.83
8fkq	2.76	1784	130	0.0729	0.96
7k50	3.4	4811	728	0.1513	2.63
8rcl	3.49	6474	672	0.1038	2.06
8ir1	3.3	3614	393	0.1087	1.54
7of7	2.5	1432	93	0.0649	1.53
6r86	3.4	3539	328	0.0927	1.71
6ywv	3.03	2529	558	0.2206	0.92
6fti	4.2	4012	378	0.0942	3.01
8bd6	4.1	313	70	0.2236	2.51
8e49	2.05	3013	522	0.1732	1.18
5nwy	2.9	4633	227	0.049	1.88
7n30	2.66	4695	342	0.0728	1.73
8oip	3.6	1037	274	0.2642	1.31
6q8y	3.1	5375	416	0.0774	1.67
6qik	3.1	3423	302	0.0882	1.65
8ccs	1.97	5211	355	0.0681	2.13
8g34	3.2	4559	356	0.0781	1.57
7b9v	2.8	535	40	0.0748	0.71
5t6r	4.2	3483	376	0.108	1.99
7asp	2.86	4282	1718	0.4012	3.63
6yw5	2.85	1435	298	0.2077	1.04
7k51	3.5	4732	800	0.1691	2.84
8g7q	3.1	4771	285	0.0597	1.64
5jus	4.2	5424	1322	0.2437	3.52
8oin	3.6	2683	754	0.281	1.3
6fyx	3.5	1868	182	0.0974	2.62
8fkr	2.89	1990	160	0.0804	0.97
7ohq	3.1	3397	304	0.0895	1.76
8rcs	4.46	6382	585	0.0917	2.13
7a5g	4.33	2721	341	0.1253	1.93
5o61	3.31	4830	444	0.0919	2.54
7k53	3.2	4811	618	0.1285	2.56
8fle	2.48	3627	242	0.0667	0.96
6wd4	3.7	4810	1029	0.2139	2.18
8fto	1.85	4481	211	0.0471	2.11
7qv3	5.14	4635	334	0.0721	1.65
8apo	3.2	2748	780	0.2838	0.91
7unr	2.9	4600	310	0.0674	1.83
8pk0	3.03	1495	137	0.0916	1.45
6mtc	3.4	5582	407	0.0729	1.64
8b0x	1.55	4440	246	0.0554	1.48
6w2s	3.47	2036	362	0.1778	2.13
7nwt	2.66	4632	598	0.1291	1.73
8g2u	3.0	4559	316	0.0693	1.57
6y2l	3.0	5693	904	0.1588	2.27
6vwm	3.4	4580	274	0.0598	1.91
6yxx	3.9	789	180	0.2281	1.62
6wdb	4.0	4807	1172	0.2438	2.21
6hd7	3.4	3767	318	0.0844	2.51
6ztm	3.3	4787	268	0.056	2.53
5we4	3.1	4795	629	0.1312	2.18
6gz4	3.6	5759	646	0.1122	1.83
6ot3	3.9	4633	443	0.0956	1.94
8g4s	3.14	1673	177	0.1058	2.28
7ls2	3.1	5744	547	0.0952	1.6
7ohy	3.9	1837	200	0.1089	1.6
6hcf	3.9	5717	2754	0.4817	1.83
6lqm	3.09	3765	379	0.1007	1.84
6ogf	3.9	4655	1086	0.2333	2.35
8fks	2.88	2045	168	0.0822	1.02
7st7	3.2	4734	1880	0.3971	2.1
5nd8	3.7	4568	354	0.0775	2.13
8pv6	2.94	3366	197	0.0585	1.16
8pv8	2.91	3342	197	0.0589	1.18
5lze	3.5	4773	333	0.0698	1.73
8fkx	2.59	2471	174	0.0704	0.94
8fl2	2.67	3817	228	0.0597	1.04
6zp4	2.9	1796	210	0.1169	1.62
6yef	3.2	4635	1445	0.3118	1.4
5kpx	3.9	4812	580	0.1205	2.7
6tb3	2.8	5350	368	0.0688	1.5
6gxn	3.9	4638	430	0.0927	1.84
7d80	4.1	4761	1891	0.3972	2.08
7uw1	2.21	4364	244	0.0559	1.5
5m1j	3.3	5442	1352	0.2484	1.61
6o8w	3.53	4620	390	0.0844	1.98
7rr5	3.23	5425	408	0.0752	2.06
5lzw	3.53	5671	616	0.1086	2.13
6xza	2.66	4612	292	0.0633	1.96
8fkw	2.5	2498	192	0.0769	0.93
7azy	2.877	3440	210	0.061	1.58
8fl6	2.62	3732	263	0.0705	1.0
7pnv	3.06	948	168	0.1772	0.86
8a22	2.91	2685	710	0.2644	0.95
7uvv	2.5	4442	264	0.0594	1.72
6o8x	3.68	4539	366	0.0806	1.99
6hrm	2.96	4563	1171	0.2566	1.45
8oit	2.9	1703	283	0.1662	1.18
7k52	3.4	4732	758	0.1602	2.78
5jup	3.5	5422	756	0.1394	3.51
7ow7	2.4	3551	323	0.091	2.93
6q98	4.3	4913	1108	0.2255	2.12
7p2e	2.4	952	94	0.0987	0.88
7jsw	3.8	4655	754	0.162	2.39
6th6	2.55	4504	302	0.0671	1.74
7odr	2.9	1489	255	0.1713	1.26
6p5j	3.1	5766	1744	0.3025	1.85
7d5t	6.0	1399	174	0.1244	1.99
6zj3	3.15	5967	473	0.0793	2.07
8e3o	1.99	3012	253	0.084	1.37
7ohx	3.3	1774	156	0.0879	1.53
7qgg	2.86	5816	712	0.1224	1.98
6zqb	3.9	1895	518	0.2734	2.12
7sa4	2.55	4715	252	0.0534	1.82
7f5s	2.72	3961	414	0.1045	1.91
5u4i	3.5	4712	336	0.0713	2.62
8ip9	3.0	1771	200	0.1129	2.53
8fl9	2.75	3616	259	0.0716	1.04
7oid	3.7	1601	101	0.0631	1.94
5kpw	3.9	4812	590	0.1226	2.59
6v3b	2.91	4530	414	0.0914	1.49
7odt	3.1	1525	267	0.1751	1.28
7zpq	3.47	5310	391	0.0736	1.74
7ohv	3.9	2361	200	0.0847	1.58
8cgn	2.28	5233	343	0.0655	2.09
6ylx	3.9	2757	286	0.1037	1.58
6ri5	3.3	3424	306	0.0894	1.76
7aor	3.5	613	185	0.3018	3.37
7d4i	4.0	1671	218	0.1305	2.03
5li0	3.8	4571	462	0.1011	1.97
7nsh	3.2	1611	94	0.0583	1.72
7zuw	4.3	5289	401	0.0758	2.05
5lzz	3.47	5671	520	0.0917	2.31
7p7s	3.0	4625	286	0.0618	1.42
6o8z	3.49	4542	349	0.0768	3.36
8a3d	1.67	3551	365	0.1028	0.86
7ods	3.1	1487	293	0.197	1.26
7oht	4.7	1618	230	0.1422	1.83
5uyn	4.0	4808	1081	0.2248	2.41
7a5k	3.7	2643	437	0.1653	1.97
6h4n	3.0	4636	263	0.0567	1.9
6gxp	4.4	4555	428	0.094	1.81
6i9r	3.9	1561	179	0.1147	1.42
7nbu	3.11	4640	324	0.0698	1.92
7jsz	3.7	4655	964	0.2071	2.21
7s1k	2.42	4633	784	0.1692	1.37
6o9j	3.9	4564	222	0.0486	4.18
6ha1	3.1	4622	474	0.1026	1.92
6d9j	3.2	5838	1164	0.1994	1.63
8om2	2.57	1486	242	0.1629	1.01
5umd	3.2	3460	254	0.0734	2.9
8fkt	2.81	2346	170	0.0725	0.96
8qoa	2.0	4542	264	0.0581	0.85
8bqd	3.9	5349	412	0.077	1.92
6wdd	3.2	4810	740	0.1538	2.15
7po4	2.56	1217	177	0.1454	1.01
6z6j	3.4	5105	338	0.0662	2.14
7mt3	2.8	4831	1504	0.3113	1.48
7n31	2.69	4710	273	0.058	1.54
7pzy	2.32	5196	414	0.0797	1.55
7a09	3.5	1796	322	0.1793	1.98
7jt3	3.7	4652	1074	0.2309	2.34
7dco	2.5	545	142	0.2606	1.87
7k54	3.2	4732	634	0.134	2.7
5myj	5.6	4547	536	0.1179	2.55
8emm	2.1	4548	323	0.071	1.49
6v39	3.04	4610	424	0.092	1.46
6gxo	3.9	4643	446	0.0961	1.9
6xir	3.2	5245	543	0.1035	1.93
7s1i	2.48	4634	782	0.1688	1.23
6zsb	4.5	2518	157	0.0624	1.64
8rdw	2.74	4347	256	0.0589	1.97
8v9l	3.0	4780	274	0.0573	1.69
7oya	3.2	5130	1502	0.2928	1.59
8evt	2.2	5286	457	0.0865	2.0
6s47	3.28	5135	416	0.081	1.96
7nql	3.4	2648	156	0.0589	1.7
7qiz	2.38	4943	670	0.1355	0.97
8phj	3.67	4634	760	0.164	1.62
7pkt	3.0	1901	214	0.1126	1.72
6zvk	3.49	6218	862	0.1386	2.28
6x7f	3.5	4759	354	0.0744	2.76
8ewc	2.45	5425	484	0.0892	1.82
6wd7	3.9	4809	1414	0.294	2.14
6xu6	3.5	5638	1635	0.29	2.6
7u0h	2.76	2939	238	0.081	1.62
6sxo	3.3	326	24	0.0736	1.7
8oj8	3.3	3783	396	0.1047	1.27
8g7s	3.1	4689	263	0.0561	1.57
8fjl	3.27	436	0	0.0	1.38
8pv2	2.63	3320	171	0.0515	1.11
6lqq	4.1	1873	204	0.1089	1.94
6y69	2.86	4620	513	0.111	1.84
8ewb	2.87	5386	469	0.0871	2.03
7m4z	2.92	4368	334	0.0765	1.43
3jag	3.65	5817	522	0.0897	2.87
7tm3	3.25	3895	448	0.115	1.78
8jdj	2.5	5545	792	0.1428	1.83
7uvx	2.35	4354	248	0.057	1.64
8fl7	2.55	3664	244	0.0666	0.99
6ylh	3.1	3310	284	0.0858	1.69
5ngm	2.9	4557	681	0.1494	1.91
7msm	2.79	4832	1392	0.2881	1.46
7unw	2.6	4600	308	0.067	1.8
6qw6	2.92	271	24	0.0886	2.11
8bhf	3.1	5649	486	0.086	1.62
6v3a	2.82	4610	406	0.0881	1.48
7zjx	3.1	5947	926	0.1557	1.76
5we6	3.4	4794	805	0.1679	1.87
6ogi	3.4	4656	1880	0.4038	2.28
5t7v	3.6	4375	1992	0.4553	1.77
7ug6	2.9	3337	274	0.0821	1.83
8i9x	2.8	2914	164	0.0563	1.87
8e36	2.38	3012	414	0.1375	1.3
6rxy	4.7	1336	128	0.0958	2.69
8oj5	2.9	3742	706	0.1887	1.0
7sso	3.2	4735	714	0.1508	2.26
7z34	3.8	3625	438	0.1208	2.45
6ztp	3.0	4783	252	0.0527	2.33
6q9a	3.7	4989	391	0.0784	1.84
7bt6	3.12	3241	534	0.1648	2.78
6w2t	3.36	2036	434	0.2132	2.03
6x6t	3.2	4759	354	0.0744	2.76
7po0	2.9	948	126	0.1329	0.95
7z3n	3.2	5238	694	0.1325	1.82
6yam	3.6	1861	204	0.1096	2.76
7s1j	2.47	4552	833	0.183	1.63
8cd1	3.0	4605	516	0.1121	1.66
6wnw	3.2	4733	794	0.1678	2.17
7msh	3.23	4829	1936	0.4009	1.65
7qi4	2.21	2759	320	0.116	0.89
6r5q	3.0	5669	486	0.0857	1.52
7qv1	3.5	4635	332	0.0716	1.69
7ohp	3.9	1781	216	0.1213	1.66
8ppl	2.65	1833	332	0.1811	1.65
5wf0	3.6	4795	716	0.1493	2.22
8cf5	2.71	5211	359	0.0689	1.89
8e47	2.32	3013	1290	0.4281	1.08
6lqv	4.8	1296	170	0.1312	1.99
6ouo	3.7	4633	443	0.0956	1.96
7a5h	3.3	1586	285	0.1797	2.5
7qgh	4.48	4716	273	0.0579	1.95
6eri	3.0	4401	648	0.1472	1.33
6sgb	3.3	439	90	0.205	1.83
8r3v	3.28	6474	831	0.1284	2.01
7of3	2.7	1442	105	0.0728	1.51
5xy3	3.2	2815	546	0.194	2.21
7po2	3.09	1053	154	0.1462	0.94
5x8p	3.4	4508	331	0.0734	2.06
7a01	3.6	6055	884	0.146	2.56
7zux	2.5	5359	394	0.0735	1.88
7p7r	2.9	4625	276	0.0597	1.4
7q0p	2.77	5194	414	0.0797	1.53
7po1	2.92	952	114	0.1197	0.94
7of1	3.1	2988	206	0.0689	1.49
5ju8	3.6	4709	311	0.066	1.89
6zsc	3.5	2522	155	0.0615	1.55
8fmw	2.86	4646	843	0.1814	1.84
8wi9	3.5	1515	87	0.0574	1.84
6osq	3.5	4633	1123	0.2424	1.63
7otc	2.9	4548	702	0.1544	1.73
7o7z	2.4	5939	868	0.1462	1.25
7qgr	5.7	4746	287	0.0605	1.96
7pnu	3.06	941	152	0.1615	0.9
8e33	2.23	3012	432	0.1434	1.29
8e44	2.53	3013	513	0.1703	1.32
6zm6	2.59	2714	273	0.1006	0.99
7z3o	3.3	5231	844	0.1613	1.77
6s12	3.2	3017	340	0.1127	3.18
7ss9	3.9	4736	1672	0.353	2.39
7d6z	3.4	4761	953	0.2002	1.74
7n2u	2.53	4704	296	0.0629	1.71
6wd5	3.6	4810	992	0.2062	2.21
6gzq	3.28	4535	1744	0.3846	1.97
6rxv	4.0	1805	156	0.0864	2.32
8i9r	3.1	2394	178	0.0744	1.66
7aju	3.8	1724	374	0.2169	2.26
8cku	3.11	5210	416	0.0798	1.96
8b2l	2.2	5228	354	0.0677	1.16
7n2c	2.72	4707	271	0.0576	2.33
6wd9	3.7	4810	1066	0.2216	2.18
7olc	2.9	5230	2190	0.4187	1.52
8e30	1.91	3013	306	0.1016	1.35
6zu1	3.0	4782	252	0.0527	2.32
7ssn	3.2	4735	884	0.1867	1.83
8jdm	2.67	5537	814	0.147	1.81
8peg	3.3	4811	547	0.1137	1.75
6o90	3.49	4546	390	0.0858	1.93
7wtl	3.3	1102	56	0.0508	1.76
6ydp	3.0	2648	148	0.0559	1.83
7btb	3.22	3402	398	0.117	2.86
7nsp	3.5	4733	417	0.0881	1.81
6vmi	2.96	2589	197	0.0761	2.03
5lza	3.6	4676	331	0.0708	1.74
6wnv	3.5	4564	788	0.1727	2.26
5u9g	3.2	4727	908	0.1921	2.19
6hiw	3.37	621	180	0.2899	2.7
6enu	3.1	4613	818	0.1773	1.91
6z6k	3.4	5105	324	0.0635	2.27
6s13	3.58	4553	694	0.1524	3.53
7nrd	4.36	5429	434	0.0799	2.06
7qi5	2.63	2823	414	0.1467	0.98
8oir	3.1	2661	459	0.1725	1.2
5lzy	3.99	5670	530	0.0935	2.39
6az3	2.5	3451	683	0.1979	1.66
6fyy	3.02	1868	188	0.1006	2.76
8rd8	2.62	4323	240	0.0555	2.36
8auv	2.38	1619	133	0.0821	1.16
6y57	3.5	5669	1184	0.2089	1.86
7acr	3.44	4912	526	0.1071	2.23
6lqs	3.8	1635	234	0.1431	2.06
6bu8	3.5	4810	988	0.2054	2.45
6vlz	2.97	2558	199	0.0778	2.02
5mgp	3.1	4642	810	0.1745	1.72
7k55	3.3	4732	694	0.1467	2.83
8apn	3.1	2773	766	0.2762	0.89
5ot7	3.8	4613	593	0.1285	1.99
5zwm	3.4	627	62	0.0989	2.2
6xu8	3.0	5634	1422	0.2524	2.39
6xgf	5.0	4760	354	0.0744	2.48
6wda	3.8	4810	1148	0.2387	2.16
6zsa	4.0	2557	159	0.0622	1.6
7msz	3.1	4832	1732	0.3584	1.68
8buu	2.9	4584	658	0.1435	1.39
7ls1	3.3	5744	576	0.1003	1.6
6zm5	2.89	2717	301	0.1108	1.01
7sfr	2.6	4747	330	0.0695	2.22
5kcr	3.6	4643	380	0.0818	1.82
6sgc	2.8	5726	884	0.1544	1.66
6enf	3.2	4546	463	0.1018	1.75
8i9t	3.6	2388	136	0.057	2.02
7lv0	3.2	4734	590	0.1246	3.15
7oig	3.2	4643	260	0.056	1.72
7ohw	3.5	1853	152	0.082	1.54
6zqf	4.9	1447	296	0.2046	2.18
6lqu	3.7	1940	216	0.1113	1.95
8v9k	3.1	4787	292	0.061	1.71
8bqx	3.8	5351	398	0.0744	1.94
8ove	2.6	5329	666	0.125	2.23
6xyw	3.86	4703	630	0.134	2.72
7o9k	3.1	1496	141	0.0943	1.83
8brm	3.33	4307	756	0.1755	2.91
6x7k	3.1	4759	354	0.0744	2.58
6wd8	3.7	4810	1086	0.2258	2.24
7oii	3.0	4640	230	0.0496	1.69
5jut	4.0	5495	1188	0.2162	3.68
6wdj	3.7	4810	1012	0.2104	2.08
8rcm	3.59	6457	662	0.1025	2.08
6x9q	4.8	4759	354	0.0744	2.58
7qgn	3.37	4695	261	0.0556	1.95
8toc	3.11	4269	264	0.0618	2.12
8akn	2.3	4548	363	0.0798	1.82
7of5	2.9	1445	105	0.0727	1.45
7jt2	3.5	4660	854	0.1833	2.23
8g5z	2.64	5781	474	0.082	1.81
8a98	2.46	5124	562	0.1097	1.87
7nww	3.05	4643	258	0.0556	1.66
6gb2	3.2	1687	150	0.0889	2.55
5iqr	3.0	4783	305	0.0638	2.53
5mdw	3.06	4629	279	0.0603	2.23
7of6	2.6	1519	107	0.0704	1.38
5it7	3.6	5497	512	0.0931	3.04
5juu	4.0	5482	1040	0.1897	3.7
5mdy	3.35	4629	287	0.062	2.4
6mtb	3.6	5665	425	0.075	1.79
6mtd	3.3	5519	407	0.0737	1.68
8fru	2.49	2809	213	0.0758	2.05
5afi	2.9	4793	703	0.1467	2.56
6xdr	4.7	4760	354	0.0744	2.47
6rzz	3.2	3423	378	0.1104	1.69
8fl0	2.91	1678	114	0.0679	0.99
7p7u	3.1	4549	230	0.0506	1.46
7qep	2.7	3733	990	0.2652	2.0
7oic	3.1	1441	81	0.0562	1.92
8a3w	2.89	4810	524	0.1089	1.93
8whx	2.8	4652	251	0.054	2.28
6ft6	3.9	3341	470	0.1407	2.02
8fkv	2.47	2434	176	0.0723	0.94
5kpv	4.1	4812	498	0.1035	2.76
6gsn	5.75	1873	274	0.1463	2.68
6q95	3.7	4930	553	0.1122	2.22
8flc	2.76	3628	253	0.0697	1.06
6zon	3.0	1721	254	0.1476	1.84
6wdl	3.7	4810	972	0.2021	2.1
5uyp	3.9	4810	960	0.1996	2.48
5lzt	3.65	5678	612	0.1078	1.98
7n8b	3.05	5179	423	0.0817	1.71
8fl3	2.53	3744	234	0.0625	1.0
6yly	3.8	2898	300	0.1035	1.45
7ase	3.33	2225	328	0.1474	2.65
7a5j	3.1	1694	303	0.1789	1.57
7uvy	2.39	4442	258	0.0581	1.69
7ane	3.9	1688	538	0.3187	2.51
8fkp	2.85	1728	136	0.0787	0.99
7a5f	4.4	2643	501	0.1896	1.92
8cdl	2.72	5212	353	0.0677	1.79
6pj6	2.2	3012	312	0.1036	1.93
8aye	1.96	4468	204	0.0457	1.43
7uvz	2.21	4448	264	0.0594	1.54
8e42	2.29	3013	466	0.1547	1.23
7mt7	2.71	4908	820	0.1671	1.48
6n8j	3.5	3326	996	0.2995	1.63
6ftj	4.7	3936	368	0.0935	3.01
7oif	3.0	4643	240	0.0517	1.69
7pnx	2.76	948	108	0.1139	0.97
8e3m	2.25	3013	473	0.157	1.33
7cpj	3.3	4630	300	0.0648	2.27
7nwh	4.1	5527	490	0.0887	2.34
8any	2.85	2831	508	0.1794	1.04
8oiq	3.5	1717	482	0.2807	1.41
7cpu	2.82	5537	600	0.1084	2.78
8azw	2.14	3457	225	0.0651	1.14
6rw5	3.14	952	116	0.1218	1.2
8wi7	3.5	4658	263	0.0565	1.77
6oig	3.8	3522	382	0.1085	2.94
7nsi	4.6	2647	184	0.0695	1.77
8bjq	3.8	3580	258	0.0721	1.95
6zse	5.0	2556	163	0.0638	1.66
5juo	4.0	5495	1290	0.2348	3.71
6wd0	3.0	4734	728	0.1538	2.03
7m4x	2.66	4446	312	0.0702	1.28
6og7	3.3	4657	1098	0.2358	2.35
8g38	3.2	4559	380	0.0834	2.03
5mdz	3.1	4629	281	0.0607	2.05
6osk	3.6	4633	798	0.1722	1.65
7pua	3.6	422	92	0.218	1.96
7pnt	3.19	909	220	0.242	0.89
8crx	2.78	4609	476	0.1033	2.0
7wtr	3.5	1298	66	0.0508	1.81
6hiy	3.27	478	116	0.2427	2.58
8qo9	5.29	479	60	0.1253	1.43
6nu2	3.9	2453	193	0.0787	1.88
3j92	3.6	4011	376	0.0937	3.32
6wdi	4.0	4807	1281	0.2665	2.16
7aih	3.6	1087	330	0.3036	2.63
7p48	2.9	4328	1000	0.2311	2.24
5oql	3.2	1580	126	0.0797	1.99
7n1p	2.33	4731	359	0.0759	1.73
7lhd	4.6	4217	614	0.1456	2.63
8e32	2.35	3013	1060	0.3518	1.15
8pvl	2.19	3348	177	0.0529	1.11
6rxz	4.4	1717	172	0.1002	2.42
6nu3	4.4	2453	185	0.0754	1.87
6zqa	4.4	1485	118	0.0795	1.82
7unv	2.7	4600	306	0.0665	1.84
5t5h	2.54	2867	322	0.1123	2.48
6gaz	3.1	1048	70	0.0668	2.57
6oli	3.5	5733	1194	0.2083	2.08
6gz3	3.6	5760	644	0.1118	1.8
7jt1	3.3	4659	658	0.1412	2.3
8e3l	2.35	3012	750	0.249	1.21
7pnz	3.09	948	130	0.1371	1.0
6mte	3.4	5507	531	0.0964	1.7
7nac	3.04	2905	300	0.1033	1.67
7r7a	3.04	2816	302	0.1072	1.65
8fku	2.82	2406	186	0.0773	0.97
7oyb	2.4	5035	1118	0.222	1.72
7of4	2.7	1519	109	0.0718	1.46
6ysu	3.7	4635	379	0.0818	2.42
6htq	4.5	4769	1370	0.2873	2.01
6gxm	3.8	4639	434	0.0936	1.85
5lks	3.6	5715	2640	0.4619	2.86
7mt2	2.76	4831	1410	0.2919	1.42
5mre	3.75	4286	321	0.0749	2.14
7ssl	3.8	4735	1610	0.34	2.28
7w5b	4.3	391	50	0.1279	2.45
8am9	2.8	4548	604	0.1328	2.01
6z1p	3.7	4096	1216	0.2969	1.51
7ssd	3.3	4732	1206	0.2549	2.14
3jcn	4.6	4638	1121	0.2417	1.6
8evp	2.38	5425	484	0.0892	1.75
8syl	2.9	4719	246	0.0521	1.74
7old	3.0	5306	472	0.089	1.92
8ifd	2.59	5712	680	0.119	2.92
7nqh	3.5	2651	166	0.0626	1.44
3jai	3.65	5817	528	0.0908	3.1
8fkz	3.04	3055	223	0.073	1.0
8rct	5.32	6385	595	0.0932	2.14
8fl4	2.89	3736	230	0.0616	1.05
8e48	2.27	3013	1254	0.4162	1.16
6gqb	3.9	5360	502	0.0937	2.21
7o80	2.9	5880	1031	0.1753	1.31
8pkl	3.09	4797	583	0.1215	1.81
7q0f	2.64	5180	414	0.0799	1.58
8e45	2.3	3012	902	0.2995	1.19
7ryf	2.65	4404	382	0.0867	1.33
6yxy	3.1	861	214	0.2485	1.66
6zqd	3.8	1713	125	0.073	1.93
6o8y	4.14	4537	404	0.089	2.16
5o2r	3.4	4643	465	0.1002	2.01
8cmj	3.79	5057	477	0.0943	2.07
5gm6	3.5	361	38	0.1053	2.66
8hfr	2.64	3542	334	0.0943	1.49
6wd2	3.6	4810	1054	0.2191	2.17
7pjt	6.0	4717	420	0.089	3.19
6ost	4.2	4633	424	0.0915	2.22
8pv4	2.9	3485	193	0.0554	1.16
7suk	3.99	1849	357	0.1931	1.77
6wdc	4.2	4807	1216	0.253	2.3
7ac7	3.08	5006	516	0.1031	1.73
7aso	3.11	4247	1882	0.4431	3.51
8pv3	2.8	3347	191	0.0571	1.13
6wdm	3.6	4810	946	0.1967	2.06
5wfs	3.0	4795	723	0.1508	2.17
7bl3	3.5	3021	237	0.0785	2.03
6lsr	3.13	3713	373	0.1005	1.76
8eub	2.52	5426	455	0.0839	1.99
8ois	3.0	1028	192	0.1868	1.2
8c6j	2.8	459	48	0.1046	1.55
6r6g	3.7	5874	546	0.093	1.59
6s0z	2.3	3017	306	0.1014	2.18
5z56	5.1	382	58	0.1518	2.9
8g6j	2.8	5781	474	0.082	1.8
6swa	3.1	3888	626	0.161	1.86
7og4	3.8	2520	157	0.0623	1.58
6wd3	3.6	4810	1041	0.2164	2.22
7qp7	3.7	1803	170	0.0943	2.61
8i9y	3.1	2865	170	0.0593	2.16
7pny	3.06	948	122	0.1287	1.0
6qx9	3.28	565	56	0.0991	2.29
7wtp	3.8	1255	64	0.051	1.96
7ssw	3.8	4736	1496	0.3159	2.3
8bgh	2.88	4497	346	0.0769	1.47
5nco	4.8	3110	265	0.0852	2.39
6skg	2.65	4510	333	0.0738	1.6
8oz0	3.5	1804	192	0.1064	1.55
7yla	2.52	2994	338	0.1129	1.8
7zrs	4.8	5310	388	0.0731	1.77
8jsh	4.4	1074	164	0.1527	2.38
8e41	2.13	3013	416	0.1381	1.32
7aoi	3.5	758	234	0.3087	1.56
7oyc	2.4	5006	1054	0.2105	1.55
6n8k	3.6	3479	1130	0.3248	1.62
8i9v	3.1	2408	146	0.0606	1.62
5lzf	4.6	4770	312	0.0654	1.77
6gqv	4.0	5360	488	0.091	2.16
8fky	2.67	2809	228	0.0812	0.93
7o7y	2.2	5852	668	0.1141	1.25
7of2	2.7	1466	109	0.0744	1.4
3jah	3.45	5817	526	0.0904	2.94
7qiw	2.35	3360	374	0.1113	0.95
6n8o	3.5	3480	1044	0.3	1.56
5tcu	3.9	4492	1154	0.2569	2.05
7lvk	2.2	3011	245	0.0814	1.38
3j9w	3.9	4675	358	0.0766	1.96
7l20	3.15	1582	125	0.079	2.04
7m4y	2.5	4448	310	0.0697	1.52
7pnw	3.09	951	144	0.1514	0.87
7q0r	2.67	5194	414	0.0797	1.53
6r87	3.4	3671	312	0.085	1.84
8evq	2.72	5431	463	0.0853	1.82
6frk	3.7	4266	676	0.1585	3.22
7nsj	3.9	2719	156	0.0574	1.71
6rw4	2.97	952	104	0.1092	1.2
6dzi	3.46	4748	706	0.1487	1.95
6v3d	2.95	3005	258	0.0859	1.49
6ahd	3.8	530	68	0.1283	2.46
6uz7	3.6	5387	1560	0.2896	2.23
7s0s	3.05	3236	178	0.055	2.0
8g60	2.54	5682	451	0.0794	1.55
6zs9	4.0	2487	159	0.0639	1.6
7o9m	2.6	1514	131	0.0865	1.21
6wdk	3.6	4810	996	0.2071	2.06
7bhp	3.3	3956	505	0.1277	2.41
5xxb	3.17	3352	600	0.179	2.28
7tut	3.88	3895	388	0.0996	1.82
6vwn	3.4	4580	270	0.059	2.14
8bsi	3.4	4385	750	0.171	2.87
5lzb	5.3	4776	282	0.059	1.8
6y0g	3.2	5786	976	0.1687	1.84
8e46	2.32	3012	936	0.3108	1.23
6om6	3.1	4633	300	0.0648	1.74
8evs	2.62	5427	475	0.0875	1.9
7q08	2.56	5180	408	0.0788	1.72
8v9j	3.1	4779	276	0.0578	1.61
6dnc	3.7	4735	1046	0.2209	2.08
6vu3	3.7	4755	354	0.0744	2.63
6hix	3.39	591	156	0.264	2.47
6ofx	3.3	4659	1426	0.3061	2.27
7zj5	4.55	374	6	0.016	1.82
7o81	3.1	5928	1118	0.1886	1.32
5yzg	4.1	384	30	0.0781	3.04
6spg	3.34	4526	1078	0.2382	1.69
6olz	3.9	5718	1706	0.2984	2.06
8om4	2.32	1487	190	0.1278	0.97
8i9p	3.0	1563	92	0.0589	1.6
6p5n	3.2	5768	1024	0.1775	1.77
8flf	2.65	3580	258	0.0721	0.98
6ogg	4.2	4655	1478	0.3175	2.24
7jil	2.8	4327	396	0.0915	2.18
8ony	2.92	214	31	0.1449	1.34
6woo	2.9	5395	568	0.1053	2.4
7abz	3.21	5005	457	0.0913	2.15
6xu7	4.9	5724	2085	0.3643	2.5
7ohu	3.7	1840	174	0.0946	1.53
7p7q	2.4	4623	362	0.0783	1.37
6zto	3.0	4783	252	0.0527	2.31
5mmm	3.4	4585	570	0.1243	2.6
8pv1	2.56	3427	193	0.0563	1.1
6gsm	5.15	1859	294	0.1581	3.01
8ia0	2.7	3184	162	0.0509	1.88
6spf	2.89	4391	1156	0.2633	2.04
8bip	3.1	3580	234	0.0654	1.89
6r7q	3.9	5668	456	0.0805	1.8
5mrf	4.97	4286	311	0.0726	2.17
8evr	2.87	5423	477	0.088	1.89
7acj	3.2	4912	584	0.1189	2.0
6gzz	4.13	9080	3864	0.4256	2.6
7qi6	2.98	2753	526	0.1911	0.96
6wdf	3.3	4733	814	0.172	2.22
7mpi	3.05	5158	434	0.0841	1.81
6zsd	3.7	2557	155	0.0606	1.58
7jss	3.7	4655	788	0.1693	2.33
6wdh	4.3	4807	1368	0.2846	2.23
7qg8	3.97	4695	261	0.0556	1.95
6tnu	3.1	5389	378	0.0701	1.94
6n8l	3.6	3479	1056	0.3035	1.63
7m4w	2.55	4366	294	0.0673	1.28
5nd9	3.7	4569	394	0.0862	2.26
5zlu	3.6	4596	1733	0.3771	2.69
7ajt	4.6	2014	494	0.2453	2.4
7p7t	2.9	4695	284	0.0605	1.34
8btk	3.5	5845	1266	0.2166	1.33
8br8	3.35	4363	724	0.1659	2.38
6zvj	3.8	1720	382	0.2221	1.41
8flb	2.55	3675	241	0.0656	0.98
6enj	3.7	4693	1358	0.2894	1.7
6r84	3.6	3671	340	0.0926	1.83
7kgb	2.7	4823	345	0.0715	1.87
7pub	3.7	533	190	0.3565	2.11
6ke6	3.4	2007	230	0.1146	2.02
6gwt	3.8	4639	430	0.0927	1.84
5xjc	3.6	380	36	0.0947	3.0
6ylg	3.0	3310	284	0.0858	1.71
7qp6	4.7	1782	194	0.1089	2.42
7wtq	3.7	1255	60	0.0478	1.88
8om3	2.87	1487	270	0.1816	0.96
6zmw	3.7	1780	178	0.1	2.13
5mrc	3.25	4286	319	0.0744	2.09
5jte	3.6	4780	315	0.0659	1.9
7ohr	4.72	2595	240	0.0925	1.52
7qh4	5.45	4733	364	0.0769	2.08
7d5s	4.6	1557	162	0.104	1.92
6xzb	2.54	4686	308	0.0657	1.98
5u9f	3.2	4727	928	0.1963	2.21
6s05	3.9	3423	734	0.2144	2.18
8fr8	2.76	4843	282	0.0582	1.73
7nwg	3.8	5795	2070	0.3572	2.4
6zqg	3.5	1418	164	0.1157	1.91
7am2	3.4	838	290	0.3461	3.25
6t59	3.11	3890	934	0.2401	2.07
6yst	3.2	4633	332	0.0717	2.45
6hiz	3.08	143	68	0.4755	2.62
6ek0	2.9	5731	1378	0.2404	1.73
7l08	3.49	2525	185	0.0733	1.97
6p5i	3.1	5766	1178	0.2043	1.93
8oj0	3.3	3742	374	0.0999	1.2
7wtn	3.4	1200	56	0.0467	1.81
8onz	2.94	329	50	0.152	1.62
8ch6	5.9	400	80	0.2	1.64
6p5k	3.1	5766	1466	0.2542	1.89
6ore	2.9	4633	381	0.0822	1.46
8b7y	3.0	4614	696	0.1508	2.15
6n8n	3.8	3482	1202	0.3452	1.61
6lqp	3.2	2023	218	0.1078	1.93
7n2v	2.54	4711	333	0.0707	2.17
8oo0	3.1	5230	1108	0.2119	1.69
6ydw	4.2	2719	182	0.0669	1.9
8jdk	2.26	5545	748	0.1349	1.88
6lqt	4.9	1501	206	0.1372	2.05
3jcj	3.7	4594	1502	0.3269	1.55
8ekc	2.7	4645	279	0.0601	1.43
6qdv	3.3	346	66	0.1908	2.21
6xdq	3.7	4761	354	0.0744	2.58
6w6p	2.9	4378	279	0.0637	2.89
7ug7	2.58	4687	333	0.071	1.62
6wd1	3.3	4657	858	0.1842	2.19
8fiz	3.8	4643	401	0.0864	2.02
8eiu	2.24	4543	211	0.0464	1.89
8btr	3.25	4467	726	0.1625	2.85
6vyq	3.7	4758	354	0.0744	2.62
8i9z	2.7	3043	166	0.0546	1.86
6vwl	3.1	4593	299	0.0651	1.81
8pvk	2.55	3487	187	0.0536	1.14
6hcj	3.8	5806	3084	0.5312	1.81
6c4i	3.24	4709	291	0.0618	2.35
7s1g	2.48	4634	812	0.1752	1.25
6s0x	2.425	4557	744	0.1633	3.14
8g7p	2.9	4773	271	0.0568	1.51
6ztj	3.4	4796	260	0.0542	2.55
7mpj	2.7	5157	402	0.078	1.69
6zqc	3.8	2003	164	0.0819	1.93
7wto	3.5	1200	64	0.0533	1.84
6skf	2.95	4426	382	0.0863	1.8
5wfk	3.4	4795	768	0.1602	2.15
6gz5	3.5	5759	634	0.1101	1.8
6n8m	3.5	3482	1058	0.3038	1.52
6gaw	3.2	2664	188	0.0706	2.5
7ot5	2.9	4640	236	0.0509	1.65
5wlc	3.8	1682	406	0.2414	1.86
5uyk	3.9	4812	826	0.1717	2.21
6orl	3.5	4634	524	0.1131	1.96
5uyq	3.8	4809	948	0.1971	2.43
7a5i	3.7	2697	287	0.1064	1.96
6xiq	4.2	5401	838	0.1552	2.01
6rxu	3.5	1805	160	0.0886	2.12
8g7r	2.8	4770	267	0.056	1.46
6qt0	3.4	3441	742	0.2156	1.75
8y6o	3.38	398	66	0.1658	2.13
7zjw	2.8	6089	1062	0.1744	1.78
7msc	2.97	4832	1452	0.3005	1.46
6vys	3.7	4752	354	0.0745	2.62
6gq1	4.4	5361	470	0.0877	2.19
7abf	3.9	152	24	0.1579	1.78
6vzj	4.1	4758	354	0.0744	2.63
6zsg	4.0	2595	157	0.0605	1.6
5lzx	3.67	5671	542	0.0956	2.02
8btd	4.9	4466	996	0.223	3.16
8fvy	2.94	1515	141	0.0931	2.24
8a3l	3.42	4714	335	0.0711	2.3
8wib	3.5	4730	270	0.0571	1.7
8ohd	3.1	3742	394	0.1053	1.04
6wdg	3.3	4733	844	0.1783	2.27
6q97	3.9	5044	1451	0.2877	1.94
8i9w	3.1	2419	158	0.0653	1.95
8g31	3.2	4559	380	0.0834	1.69
7st2	2.9	4735	456	0.0963	1.74
8g6w	2.02	4547	217	0.0477	2.43
7oh3	3.4	3289	302	0.0918	1.65
5uym	3.2	4810	682	0.1418	2.3
7po3	2.92	952	110	0.1155	0.96
8pv5	2.86	3323	169	0.0509	1.2
5lzu	3.75	5678	628	0.1106	2.12
7unu	2.9	4600	298	0.0648	1.84
8e35	2.27	3013	1244	0.4129	1.12
8fld	2.58	3699	252	0.0681	1.04
7elh	3.3	310	16	0.0516	1.75
6wd6	3.7	4810	1048	0.2179	2.19
5lzv	3.35	5678	748	0.1317	1.85
7m5d	2.8	4640	251	0.0541	1.16
5kps	3.9	4734	356	0.0752	2.62
6gzx	4.57	9080	3690	0.4064	2.43
7ryh	2.43	4324	340	0.0786	1.55
5lzs	3.31	5747	618	0.1075	2.1
6vyr	3.8	4761	354	0.0744	2.63
7ohs	4.38	1909	242	0.1268	1.59
6c0f	3.7	1602	128	0.0799	1.91
7zod	2.56	3096	238	0.0769	2.27
7y41	4.1	3237	206	0.0636	2.0
8csr	2.54	853	72	0.0844	1.06
6wlu	5.7	231	2	0.0087	2.73
8h1j	3.1	134	30	0.2239	2.0
8cah	3.0	1745	144	0.0825	1.57
7w59	3.6	391	52	0.133	2.57
7xjg	2.51	216	40	0.1852	2.11
7v2n	3.6	1394	188	0.1349	1.93
6o7k	4.2	1622	350	0.2158	1.61
7way	2.9	175	68	0.3886	1.46
7w0a	3.12	124	32	0.2581	1.56
5vt0	3.78	112	14	0.125	1.84
7dvq	2.89	276	30	0.1087	2.27
7v9x	2.82	210	26	0.1238	1.61
6pcq	2.6	3012	472	0.1567	1.75
8d8k	3.13	1538	172	0.1118	1.11
8cep	2.04	1072	44	0.041	0.72
8j3r	2.95	140	33	0.2357	1.6
7v9u	3.12	209	22	0.1053	1.96
7ycg	3.18	404	14	0.0347	2.85
6zv6	2.9	1682	134	0.0797	1.69
8ibz	3.04	180	38	0.2111	1.81
6zxe	3.0	1645	158	0.096	1.87
5z58	4.9	382	60	0.1571	2.94
7af5	2.96	456	50	0.1096	1.85
6ypu	2.9	1040	90	0.0865	2.66
6icz	3.0	393	52	0.1323	1.99
5gaf	4.3	3049	249	0.0817	2.51
7afh	3.59	456	54	0.1184	2.47
5k0y	5.8	1881	388	0.2063	1.49
6spd	3.28	2967	626	0.211	2.39
7pkq	4.2	1114	180	0.1616	1.89
6ny2	3.2	180	70	0.3889	2.01
8hk1	2.7	148	25	0.1689	2.39
7c7a	2.8	339	126	0.3717	1.88
6fai	3.4	1775	234	0.1318	2.82
5zwn	3.4	499	42	0.0842	2.17
7uo0	3.4	455	66	0.1451	2.08
7ygd	3.41	389	10	0.0257	2.81
8why	2.7	3134	172	0.0549	2.24
8tjx	2.44	365	20	0.0548	2.75
7uo2	3.1	271	18	0.0664	2.46
6w7m	3.8	1512	117	0.0774	2.15
7ygb	2.62	406	12	0.0296	2.79
7v2p	3.3	1394	88	0.0631	1.74
7ttu	3.0	2795	548	0.1961	1.45
6zxf	3.7	1656	158	0.0954	1.96
6cb1	4.6	1615	116	0.0718	1.68
7zq5	2.7	3018	385	0.1276	2.21
6xz7	2.1	3163	228	0.0721	1.94
7ez2	3.05	405	16	0.0395	1.94
6exn	3.7	468	44	0.094	2.14
8cdu	3.1	1340	176	0.1313	2.23
6zoj	2.8	1704	172	0.1009	1.39
7trd	3.3	224	38	0.1696	1.71
7jqc	3.3	1840	418	0.2272	1.91
7boi	2.98	1074	45	0.0419	1.96
7oie	3.5	1528	97	0.0635	1.88
8cst	2.85	886	80	0.0903	1.04
5gmk	3.4	404	44	0.1089	2.63
7ygc	2.65	406	10	0.0246	2.77
6bk8	3.3	433	62	0.1432	1.76
7re3	3.33	142	0	0.0	2.6
7v59	5.26	328	144	0.439	2.22
7naf	3.13	377	78	0.2069	1.68
7m4u	2.71	1525	146	0.0957	1.43
6pch	2.9	3012	608	0.2019	1.93
6ybw	3.1	1208	125	0.1035	1.82
5ylz	3.6	373	55	0.1475	2.95
7wtt	3.1	1574	88	0.0559	1.61
7afo	3.93	969	56	0.0578	1.24
7uvt	3.9	386	20	0.0518	2.52
6wlr	4.8	119	16	0.1345	2.75
6zn5	3.2	1671	124	0.0742	1.72
7oe0	2.69	1510	94	0.0623	2.43
7v99	3.54	249	68	0.2731	1.83
7qdu	5.14	552	18	0.0326	2.31
7xht	2.55	220	42	0.1909	1.35
7ych	3.09	404	10	0.0248	2.85
8cgi	1.89	460	34	0.0739	0.78
6qul	3.0	2920	143	0.049	1.78
7wb1	3.7	178	72	0.4045	1.9
7lmb	3.8	162	14	0.0864	2.02
6rja	3.0	194	86	0.4433	1.45
7c79	2.5	331	120	0.3625	1.87
5opt	4.0	2022	390	0.1929	1.31
5x8t	3.3	3028	246	0.0812	1.86
3jaq	6.0	1841	257	0.1396	2.49
6w7n	3.4	1372	236	0.172	1.95
7v2o	3.5	1487	164	0.1103	1.75
5mps	3.85	339	26	0.0767	2.26
7wju	2.69	158	34	0.2152	1.52
7asn	2.73	2847	680	0.2388	2.23
8t2t	3.0	546	48	0.0879	1.56
8c97	4.07	1292	127	0.0983	1.66
7xsl	3.84	388	14	0.0361	2.59
7sam	4.3	169	2	0.0118	2.23
8j1j	2.91	151	44	0.2914	1.67
8csz	3.2	236	27	0.1144	1.93
6g5h	3.6	1665	114	0.0685	2.08
8d2k	2.43	154	52	0.3377	1.18
7syg	4.3	1859	268	0.1442	1.61
8oou	2.9	140	0	0.0	1.57
6ah0	5.7	452	45	0.0996	2.18
8bd5	3.3	328	52	0.1585	1.92
6zxd	3.2	1645	150	0.0912	1.78
7yci	2.98	395	12	0.0304	2.85
6gc4	4.3	2705	328	0.1213	1.65
6rbe	3.8	1750	229	0.1309	2.21
5no3	5.16	1530	260	0.1699	1.43
6j6q	3.7	549	84	0.153	2.5
8e5t	4.0	968	106	0.1095	1.44
6wnt	3.1	3025	446	0.1474	2.2
8c99	3.29	944	52	0.0551	1.62
6ahu	3.66	413	125	0.3027	1.81
7nav	4.8	1507	146	0.0969	2.57
8c95	4.92	1338	88	0.0658	1.83
7r6m	3.68	362	40	0.1105	2.39
7ptq	4.08	544	6	0.011	1.93
7bod	2.88	1074	145	0.135	1.36
8hr5	3.73	123	48	0.3902	2.38
8cai	2.08	1110	53	0.0477	0.96
7qtt	3.1	339	38	0.1121	1.52
7bl6	4.0	3016	211	0.07	1.89
7m4v	2.54	2845	160	0.0562	1.17
7xsm	4.01	388	12	0.0309	2.54
5tc1	3.6	242	122	0.5041	2.22
6g90	4.0	473	28	0.0592	2.28
6i0y	3.2	3049	297	0.0974	3.2
3jap	4.9	1855	257	0.1385	3.0
6spb	2.82	3002	305	0.1016	1.87
5o60	3.2	3240	290	0.0895	2.46
5mmi	3.25	3027	326	0.1077	2.55
6neq	3.32	952	112	0.1176	1.72
8btz	5.39	238	0	0.0	1.9
6zlw	2.6	1665	110	0.0661	1.44
7pla	3.04	244	40	0.1639	1.71
7zhg	2.25	1497	129	0.0862	1.4
7taw	2.7	158	67	0.4241	1.72
5gap	3.6	143	6	0.042	2.43
7bgd	3.2	1128	74	0.0656	1.91
7sc6	5.51	169	10	0.0592	1.67
7l48	3.9	144	12	0.0833	1.88
8wic	3.5	3215	174	0.0541	1.63
6zym	3.4	233	64	0.2747	1.95
6nf8	3.48	952	164	0.1723	1.69
7bog	2.75	1068	92	0.0861	1.49
7w0d	4.18	104	24	0.2308	2.05
7zp8	2.2	3095	440	0.1422	1.78
7r6n	4.1	354	16	0.0452	2.3
8gap	3.8	173	14	0.0809	1.86
6zvi	3.0	1946	203	0.1043	1.69
7oi6	5.7	1264	109	0.0862	1.91
6wub	3.2	1121	63	0.0562	2.96
8sa6	5.3	362	76	0.2099	2.76
7k5i	2.9	1665	104	0.0625	1.61
6zol	2.8	472	60	0.1271	1.49
5lmt	4.15	1611	125	0.0776	3.46
7t3l	3.6	198	105	0.5303	1.76
8i7n	2.98	418	20	0.0478	2.12
6ah3	3.48	449	70	0.1559	1.84
7uim	3.1	541	82	0.1516	1.73
7syj	4.8	1859	305	0.1641	1.7
7wm4	3.2	162	32	0.1975	1.86
7r6k	3.17	152	32	0.2105	1.77
6d6v	4.8	175	24	0.1371	2.58
7a1g	3.0	1771	164	0.0926	1.26
5ool	3.06	1497	101	0.0675	1.7
6tmf	2.8	1485	90	0.0606	1.79
5gag	3.8	3049	266	0.0872	2.35
5gam	3.7	166	10	0.0602	2.8
6wqq	3.1	2809	1066	0.3795	1.41
5no4	5.16	1530	255	0.1667	1.39
7b0y	3.6	274	98	0.3577	1.24
6ys3	2.58	3081	436	0.1415	1.81
7yc8	4.14	388	14	0.0361	2.91
8c96	4.43	1475	83	0.0563	1.63
7vpx	3.0	319	40	0.1254	2.7
7s9u	3.2	2436	296	0.1215	2.48
5oom	3.03	1148	77	0.0671	1.73
6rbd	3.47	1777	176	0.099	1.72
8c92	3.79	1873	123	0.0657	1.63
7t3k	3.5	120	35	0.2917	1.74
7afl	4.2	1051	88	0.0837	2.52
6gc6	4.3	2092	291	0.1391	1.69
7xd3	4.05	423	30	0.0709	1.98
8ja0	3.52	115	10	0.087	1.91
7utn	2.74	228	38	0.1667	1.46
6hma	2.65	2948	205	0.0695	1.47
7aav	4.2	181	16	0.0884	1.41
7wb0	3.2	175	80	0.4571	1.62
7sae	3.0	2434	274	0.1126	1.54
8d8j	3.8	1183	118	0.0997	1.24
8ceu	1.83	2868	148	0.0516	0.82
6n7r	3.2	568	36	0.0634	2.22
7yr7	3.8	118	38	0.322	2.64
5lms	5.1	1610	157	0.0975	3.46
6ysi	2.5	2800	138	0.0493	2.22
7of0	2.2	1432	95	0.0663	1.54
6wlq	4.7	119	10	0.084	2.68
6uet	4.1	119	14	0.1176	2.4
7uin	2.8	578	54	0.0934	1.87
8cgr	2.12	1085	52	0.0479	0.87
7trf	3.7	224	40	0.1786	1.74
6spc	2.95	1519	434	0.2857	3.04
6wlt	4.8	231	6	0.026	2.41
6yt9	2.7	1040	52	0.05	2.6
5lmv	4.9	1611	117	0.0726	3.16
6ues	3.7	119	14	0.1176	2.55
7wtv	3.5	1573	82	0.0521	1.59
7zai	2.6	1560	188	0.1205	1.3
7bg9	3.8	262	58	0.2214	2.07
8c8x	3.93	2824	225	0.0797	1.69
7oqe	5.9	734	48	0.0654	1.86
8iby	3.47	198	34	0.1717	1.9
8d2p	2.78	125	46	0.368	1.16
5xyu	3.45	1379	444	0.322	2.05
8t2r	3.1	552	50	0.0906	1.5
6wrs	3.2	2809	1072	0.3816	2.25
5no2	5.16	1530	308	0.2013	1.43
8cdv	4.73	1258	270	0.2146	2.33
5g2y	4.5	630	316	0.5016	2.17
5lmn	3.55	1534	130	0.0847	3.44
7jqb	2.7	1697	170	0.1002	1.8
6mcc	3.9	115	20	0.1739	1.86
6pct	2.8	3012	480	0.1594	1.81
6dzk	3.6	1511	142	0.094	1.78
8bgu	4.1	121	2	0.0165	1.54
7aqc	2.99	3077	194	0.063	1.64
5xyi	3.35	1490	418	0.2805	2.77
8g6y	2.09	3032	135	0.0445	1.99
8ea4	3.0	495	248	0.501	1.72
7xd4	3.89	423	26	0.0615	2.08
8cwo	2.84	1040	88	0.0846	2.12
7qh6	3.08	1189	111	0.0934	2.3
6spe	3.6	1526	348	0.228	1.68
6pcr	2.5	3012	328	0.1089	1.72
7boe	2.9	1530	203	0.1327	1.45
7oqc	4.1	568	28	0.0493	1.54
8bf8	2.8	111	4	0.036	1.61
8cgj	1.79	1156	68	0.0588	0.87
7oi0	2.76	963	52	0.054	2.42
7oib	3.3	1148	75	0.0653	1.59
7d0g	5.0	714	148	0.2073	3.18
5mlc	3.9	2963	270	0.0911	2.48
6agb	3.48	369	38	0.103	1.67
6swe	3.1	478	68	0.1423	2.06
6yal	3.0	1859	186	0.1001	2.55
7zah	2.7	1560	201	0.1288	1.46
6xmf	3.1	109	26	0.2385	1.9
7nau	3.78	1519	136	0.0895	2.51
8ghu	3.0	1531	682	0.4455	2.33
7xam	2.8	3180	232	0.073	1.7
8ex9	2.96	136	46	0.3382	1.94
8jsg	4.6	1539	162	0.1053	2.18
7afn	3.86	456	52	0.114	2.3
8t2p	5.0	287	14	0.0488	1.65
5gan	3.6	345	38	0.1101	2.55
6tpq	3.07	3047	210	0.0689	2.15
7z20	2.29	3096	230	0.0743	1.98
6id0	2.9	380	79	0.2079	2.17
8ana	2.1	2851	263	0.0922	1.34
7xd6	2.84	459	26	0.0566	2.01
7yr6	4.8	118	16	0.1356	2.45
8ppk	2.98	1751	323	0.1845	1.42
6zxh	2.7	1633	112	0.0686	1.46
8bf9	2.69	1864	170	0.0912	1.72
5v7q	3.7	3233	548	0.1695	1.66
8byv	2.89	1533	134	0.0874	1.97
6j6n	3.86	544	104	0.1912	2.39
7bof	2.92	1067	60	0.0562	1.75
5g2x	3.8	704	327	0.4645	2.02
8dmb	3.1	275	46	0.1673	0.7
8dzj	2.9	190	45	0.2368	1.61
8r57	2.55	455	55	0.1209	2.23
7v9a	3.94	146	56	0.3836	1.74
6zuo	3.1	1665	107	0.0643	1.73
6gbz	3.8	2908	718	0.2469	1.5
8cgk	1.64	2735	143	0.0523	0.68
7scq	6.0	169	14	0.0828	2.26
7wtu	3.0	1574	88	0.0559	1.63
6ytf	3.0	477	48	0.1006	3.0
8c01	2.7	1545	110	0.0712	1.35
7f0d	3.3	3233	292	0.0903	2.55
8cf1	1.82	484	40	0.0826	0.9
7uy6	2.9	170	38	0.2235	1.19
8sa3	3.0	420	84	0.2	2.41
8ctl	3.1	233	40	0.1717	3.26
7qxa	3.2	265	84	0.317	1.2
7pwf	2.85	1347	168	0.1247	1.78
5zwo	3.9	584	70	0.1199	2.44
7zq6	2.75	3095	286	0.0924	2.08
7ljy	5.6	100	4	0.04	2.1
8hrb	3.78	102	48	0.4706	1.79
6ys5	3.0	477	52	0.109	2.4
8cvm	2.66	3098	338	0.1091	2.15
7afi	3.53	1063	80	0.0753	2.53
7as9	3.5	2999	162	0.054	2.08
5xxu	3.35	1619	462	0.2854	2.59
8cf8	2.2	460	32	0.0696	1.04
8cec	3.57	1340	190	0.1418	2.38
6dzp	3.42	3237	482	0.1489	1.94
5lmp	5.35	1534	120	0.0782	3.38
7r6l	2.85	366	12	0.0328	2.36
6c4h	3.1	647	61	0.0943	2.42
8c93	4.17	1740	121	0.0695	1.67
5jb3	5.34	1589	212	0.1334	3.07
6wdr	3.7	1647	570	0.3461	2.17
7eld	4.6	109	14	0.1284	2.5
8a57	2.3	3022	294	0.0973	1.92
6ny3	3.7	164	70	0.4268	1.95
5mqf	5.9	387	48	0.124	2.18
7uo1	3.2	455	82	0.1802	2.06
7nat	3.59	1427	108	0.0757	2.39
7wtx	3.1	1605	88	0.0548	1.63
7elm	2.88	120	32	0.2667	1.76
8csq	2.54	802	68	0.0848	1.05
5uz5	3.56	308	24	0.0779	2.13
7xsn	3.01	387	18	0.0465	2.47
7oi7	3.5	1110	75	0.0676	1.68
7ptk	5.18	720	6	0.0083	2.21
6zvh	2.9	1797	144	0.0801	1.61
7yoj	3.36	216	60	0.2778	2.11
5it9	3.8	1951	253	0.1297	2.95
7wts	3.2	1481	84	0.0567	1.53
7oe1	3.05	1530	139	0.0908	2.65
6j6h	3.6	551	78	0.1416	2.38
7waz	3.4	157	56	0.3567	2.43
6zok	2.8	1232	112	0.0909	1.36
7oia	3.2	1221	91	0.0745	1.58
7egq	3.35	116	23	0.1983	3.2
7tql	3.2	1731	402	0.2322	1.7
5vzl	3.9	115	22	0.1913	1.92
6tnn	3.07	3046	248	0.0814	1.82
7w5a	3.6	391	50	0.1279	2.64
7afk	4.9	456	58	0.1272	2.61
6pvk	3.4	2169	576	0.2656	2.86
8tjq	3.4	433	32	0.0739	2.94
5z3g	3.65	1722	216	0.1254	2.65
7yga	2.35	406	12	0.0296	2.7
7bv8	3.14	3017	232	0.0769	1.99
8caz	2.11	460	38	0.0826	0.89
5mq0	4.17	448	30	0.067	2.27
7l49	3.1	190	64	0.3368	1.85
5lmr	4.45	1608	121	0.0752	3.27
8t4s	2.6	1671	154	0.0922	2.31
8cvo	2.95	471	60	0.1274	2.11
7r6q	2.98	439	36	0.082	1.51
6ddg	3.1	2750	273	0.0993	2.24
6zce	5.3	1719	174	0.1012	2.1
8ea3	3.7	495	284	0.5737	1.69
8cgd	1.98	2863	137	0.0479	0.85
8sa5	3.5	345	60	0.1739	2.63
6w7w	3.9	871	48	0.0551	1.83
8p09	3.3	1823	184	0.1009	2.77
3j81	4.0	1862	363	0.195	2.94
5xym	3.08	2781	722	0.2596	2.06
8cbj	3.8	1767	148	0.0838	1.62
6g5i	3.5	1657	115	0.0694	2.0
8wid	3.5	1533	90	0.0587	1.76
8sa4	3.1	236	42	0.178	2.39
6g18	3.6	1658	108	0.0651	2.39
6ddd	3.1	2750	260	0.0945	2.29
8csu	3.03	881	92	0.1044	1.04
7r7c	3.71	226	32	0.1416	1.9
7n3p	3.65	259	56	0.2162	1.49
7boh	2.82	1524	140	0.0919	1.55
6qyz	4.6	345	49	0.142	3.35
7xsk	3.53	388	16	0.0412	2.54
7ttw	2.9	2801	548	0.1956	1.46
7v2m	3.4	1486	144	0.0969	1.78
8cam	1.86	2721	159	0.0584	0.88
6w6k	3.6	1534	205	0.1336	1.98
6ybs	3.1	499	46	0.0922	1.87
8fzt	3.03	149	62	0.4161	1.76
6yhs	2.7	2800	236	0.0843	2.17
7w0e	4.03	104	26	0.25	1.99
7c7l	3.3	157	54	0.3439	2.47
7qiy	2.58	487	82	0.1684	0.95
6sj6	3.23	2697	1103	0.409	1.92
7uo5	3.1	373	83	0.2225	1.47
8jg9	3.82	222	80	0.3604	1.79
8qo4	5.9	156	74	0.4744	1.99
8fn2	3.4	2874	723	0.2516	1.84
7kwg	3.75	1584	162	0.1023	2.22
8c8y	3.03	2667	167	0.0626	1.67
7zj4	4.43	374	4	0.0107	2.04
8c9b	5.9	573	50	0.0873	1.65
8wif	2.9	1517	87	0.0574	2.33
7syx	3.7	1960	262	0.1337	1.53
8t2s	3.0	551	40	0.0726	1.56
6ff4	3.4	273	34	0.1245	2.1
7af8	2.75	456	46	0.1009	1.6
6me0	3.6	845	66	0.0781	2.24
8c83	3.0	1177	76	0.0646	1.66
6w77	3.6	1519	128	0.0843	1.91
8c94	3.8	1787	112	0.0627	1.77
7af3	2.82	456	54	0.1184	1.55
7aqd	3.1	3106	190	0.0612	1.77
7ozs	3.5	119	20	0.1681	1.42
6id1	2.86	374	103	0.2754	2.63
7qq3	2.1	3016	260	0.0862	1.81
6gc8	3.8	3016	702	0.2328	1.6
7r72	3.07	700	70	0.1	1.62
6w6v	3.0	294	44	0.1497	1.94
7v2l	3.3	1507	148	0.0982	1.75
6ppf	3.4	2583	630	0.2439	2.89
7zag	2.77	1560	214	0.1372	1.4
8i7j	4.6	1766	267	0.1512	2.82
8tjv	2.99	409	26	0.0636	2.69
6sw9	4.2	1554	249	0.1602	2.71
8c00	2.9	1425	100	0.0702	1.37
7asm	2.48	2948	359	0.1218	1.77
8ced	4.15	1340	182	0.1358	2.44
6k0b	4.3	682	92	0.1349	1.72
8cgu	1.89	1073	46	0.0429	0.71
6nqb	3.8	1341	466	0.3475	2.07
6s0k	3.1	3006	145	0.0482	1.52
5gah	3.8	3049	249	0.0817	2.46
7r4x	2.15	1627	126	0.0774	1.99
7v2q	3.24	1391	98	0.0705	1.8
7wtw	3.2	1585	94	0.0593	1.65
5o5j	3.45	1536	142	0.0924	2.69
8p03	3.04	1824	163	0.0894	2.52
7oi9	3.3	1148	75	0.0653	1.62
8exa	3.14	137	42	0.3066	1.94
7obq	3.9	165	49	0.297	1.94
5mmj	3.65	1484	206	0.1388	2.56
6ahr	3.92	341	62	0.1818	2.08
7jqq	4.1	705	182	0.2582	2.45
6swd	3.2	1034	147	0.1422	1.86
7ptl	4.9	720	16	0.0222	1.86
6n7p	3.6	580	38	0.0655	2.19
8cgv	1.66	2740	137	0.05	0.74
7nas	3.31	971	54	0.0556	2.4
8eyt	2.8	1415	216	0.1527	2.11
6wu9	2.9	2855	173	0.0606	2.82
5jbh	5.34	1589	215	0.1353	3.22
8bh7	4.23	1541	260	0.1687	2.75
7syi	4.5	1859	272	0.1463	1.74
7xk1	4.3	144	18	0.125	2.02
8sa2	3.1	420	72	0.1714	2.33
5x8r	3.7	1480	85	0.0574	2.23
6pom	4.9	230	12	0.0522	2.25
8eyq	3.3	1525	136	0.0892	2.2
8csp	2.66	737	54	0.0733	1.07
7nax	2.96	1523	110	0.0722	1.8
6p4h	3.2	1900	251	0.1321	1.76
7afa	2.95	456	38	0.0833	1.73
6pc7	2.5	3012	398	0.1321	1.76
6pc8	2.9	3012	481	0.1597	1.9
7afd	3.44	456	54	0.1184	2.38
6gc0	3.8	2848	868	0.3048	1.54
7qxb	3.91	278	64	0.2302	1.75
7lma	3.3	170	18	0.1059	1.67
5uz4	5.8	1527	438	0.2868	4.13
7evo	2.5	148	25	0.1689	2.26
6y7c	3.8	1731	328	0.1895	2.19
8q7n	3.1	300	22	0.0733	1.91
5gad	3.7	3049	249	0.0817	2.5
5y88	3.46	337	52	0.1543	2.91
8hd7	3.52	419	20	0.0477	2.23
6mcb	3.4	115	24	0.2087	1.77
8c8z	3.12	2324	176	0.0757	1.82
5lmq	4.2	1611	133	0.0826	3.44
6swc	3.3	1554	221	0.1422	2.14
8cee	3.7	1340	170	0.1269	2.36
8css	2.36	844	64	0.0758	1.02
6wqn	2.9	2798	1102	0.3939	1.92
7nar	3.0	1530	85	0.0556	1.89
6zxg	2.6	1633	124	0.0759	1.4
7bl5	3.3	3032	249	0.0821	1.97
7tre	3.5	224	44	0.1964	1.83
7xd7	3.02	405	32	0.079	1.89
8bh6	3.7	1547	138	0.0892	2.31
7wu0	3.3	1624	92	0.0567	1.59
8hj4	3.1	113	46	0.4071	2.08
6wua	3.2	402	40	0.0995	3.05
6wru	3.1	2777	334	0.1203	2.18
6wyv	2.75	3012	620	0.2058	1.78
7yg8	2.97	395	12	0.0304	2.79
8j12	3.08	194	46	0.2371	1.81
7qix	2.53	1096	134	0.1223	0.96
8hd6	3.73	419	18	0.043	2.24
7bl4	2.4	3016	217	0.0719	1.83
8b0j	3.99	160	82	0.5125	2.12
8op2	2.8	140	0	0.0	2.19
7wtz	3.0	1624	94	0.0579	1.56
7pts	5.71	558	11	0.0197	2.25
7syo	4.6	1863	300	0.161	1.65
8ca7	2.06	501	57	0.1138	0.89
8c98	3.66	1017	56	0.0551	1.64
8cas	3.3	1843	138	0.0749	1.44
8fli	3.8	828	166	0.2005	2.4
7we6	3.2	120	32	0.2667	2.4
6az1	2.7	1986	405	0.2039	1.8
5tzs	5.1	629	77	0.1224	2.17
6j6g	3.2	550	98	0.1782	2.41
7yg9	2.68	403	12	0.0298	2.8
8r6f	2.34	1162	85	0.0731	1.72
6p4g	3.1	1900	259	0.1363	1.99
6pc5	2.7	3012	357	0.1185	1.62
8b0i	4.28	103	45	0.4369	1.83
7ur5	2.6	270	8	0.0296	2.22
7n3o	3.8	222	22	0.0991	1.79
5lmu	4.0	1611	133	0.0826	3.56
6pc6	2.5	3012	334	0.1109	1.75
8a5i	2.3	3022	246	0.0814	1.86
8a63	3.1	3022	262	0.0867	1.65
7eln	3.0	172	71	0.4128	1.76
8c9a	4.86	649	52	0.0801	1.6
7asa	3.5	116	16	0.1379	1.01
7oi8	3.5	1221	99	0.0811	1.73
8c91	4.19	2077	133	0.064	1.57
7xui	3.61	111	16	0.1441	2.08
5lmo	4.3	1533	144	0.0939	3.41
7bge	3.6	465	80	0.172	1.97
8wi8	2.7	3143	172	0.0547	1.61
8c90	3.15	2219	168	0.0757	1.65
6gc7	4.3	1901	293	0.1541	1.67
6xmg	4.8	154	65	0.4221	1.99
5lj3	3.8	458	34	0.0742	2.57
7nad	3.04	756	80	0.1058	1.58
7o5h	3.1	964	132	0.1369	1.35
7uy5	3.5	170	46	0.2706	1.54
6zmt	3.0	1569	105	0.0669	1.66
7lj3	2.9	225	12	0.0533	2.6
6qdw	2.83	3081	436	0.1415	1.88
7qh7	2.89	1312	139	0.1059	2.21
6pcs	2.8	3012	472	0.1567	1.61
7syh	4.6	1859	288	0.1549	1.66
6ppk	4.4	2770	620	0.2238	3.14
7ez0	3.14	387	18	0.0465	2.15
